303133110
303130110
303103110
303100310
303100130
303100110
103133130
103103310
103100330
103100310
103100130
303330310
303330130
303313310
303313110
303311310
303310330
303310310
303310130
303310110
303133110
303130110
303113310
303113130
303113110
303110330
303110310
303110130
303110110
303033310
303033110
303031130
303031110
303030330
303030110
303013310
303013110
303011330
303011310
303011130
303010330
303010110
301333130
301331130
301330330
301330130
301313330
301313310
301313110
301311330
301311130
301310330
301133130
301130130
301113130
301110130
301033310
301033130
301033110
301031130
301030330
301013330
301013310
301013110
301011330
301011130
301010330
300330130
300313310
300313130
300313110
300310330
300310130
300113130
300110130
300030130
300013130
300010130
103330130
103313310
103313130
103313110
103310330
103310130
103133130
103133110
103113310
103113130
103113110
103110330
103110130
103033310
103033130
103033110
103031130
103030330
103013330
103013310
103013110
103011330
103011130
103010330
101333130
101313330
101133130
101113130
101033130
101013330
100313130
100113130
100013130

